# Created by Octave 4.0.0, Thu Jun 18 13:49:27 2020 CEST <marija@marija-Latitude-7490>
# name: obstacles
# type: matrix
# rows: 80
# columns: 4
 13.5 15 7.5 8.5
 19.5 20 10.5 11
 3.5 4.5 6.5 8.5
 12.5 13.5 11.5 12
 10 10.5 8 9
 8.5 10 18 19
 19 20 16.5 17.5
 7.5 9 9 9.5
 18 20 11.5 12
 4 4.5 17.5 18
 14 14.5 13.5 14.5
 12 13 14 15.5
 12 14 6.5 8
 10.5 11.5 5.5 7
 10 11.5 9 11
 16 16.5 12.5 14
 3 5 3 3.5
 18.5 19.5 5 7
 4 6 10.5 12.5
 18 20 17.5 18
 8.5 10 0.5 1
 5 5.5 6 7
 9 9.5 14 15
 12 13 5.5 7.5
 3 5 13.5 14.5
 3 4 19.5 20
 0.5 2.5 7 8.5
 13.5 15 9 10
 7.5 9.5 18.5 19.5
 5.5 7.5 11.5 12
 10 11.5 1.5 2.5
 3 4.5 2 2.5
 17.5 19 13 15
 10 12 11 13
 13.5 14.5 14 15.5
 10.5 12.5 18.5 20
 5 6.5 3 4
 0.5 2 13.5 15.5
 16.5 17 9 10
 5 6.5 11 12.5
 18 20 4 4.5
 2.5 4 8 10
 19.5 20 12.5 13
 13 14.5 19 20
 14 14.5 5 6.5
 6.5 8 11.5 13
 19 20 19 19.5
 10.5 11 5 7
 6 7 2.5 3
 15.5 17 15.5 17
 15.5 16 13.5 14
 5 6 1.5 3.5
 19.5 20 9.5 10
 16.5 18 7 7.5
 2.5 3.5 18 20
 11 11.5 16.5 17.5
 19 20 18 19.5
 7.5 8 3.5 4.5
 15.5 17.5 19.5 20
 6.5 8.5 3 5
 2.5 4.5 18.5 20
 19.5 20 9 10
 6.5 7.5 5 6
 11 11.5 8.5 10.5
 14.5 15 12.5 14.5
 13.5 15.5 9 11
 10 12 17.5 18.5
 18.5 20 8 10
 18 19.5 9.5 10
 19.5 20 11.5 13.5
 2.5 4 10 10.5
 4.5 6.5 8.5 10
 9 10.5 0.5 1
 11.5 12.5 3.5 4
 11.5 12 16 17.5
 12 13 12 13
 18 19 16 16.5
 18 18.5 4 6
 3.5 5.5 9 11
 13.5 14 7.5 8


